<?xml version="1.0"?>
<opencv_storage>
<calibration_Time>"Wed Aug 27 09:56:44 2025"</calibration_Time>
<image_Width>8064</image_Width>
<image_Height>6048</image_Height>
<Camera_Matrix type_id="opencv-matrix">
  <rows>3</rows>
  <cols>3</cols>
  <dt>d</dt>
  <data>
    1.12901565206274008e+04 0. 4.03522344446937905e+03 0.
    1.12901565206274008e+04 3.08723659940520929e+03 0. 0. 1.</data></Camera_Matrix>
<Distortion_Coefficients type_id="opencv-matrix">
  <rows>5</rows>
  <cols>1</cols>
  <dt>d</dt>
  <data>
    2.40252144637275844e-01 -1.13215278661010843e+00 7.30403641404271404e-04 -6.06758054264254000e-04
    2.12138898542624421e+00</data></Distortion_Coefficients>
</opencv_storage>
